8
12
0
5
11
4
7
15
1
6
3
2
10
13
9
14
